-01 -01 -01 -01 -01 -01 -01 -01 -01 -01 -01 -01 -01 -01 -01 -01 -01 -01 -01 -01 -01 -01 
-01 000 001 002 -01 003 004 005 006 007 008 009 010 011 012 013 014 015 016 017 018 -01 
-01 019 -01 -01 -01 -01 -01 -01 -01 -01 -01 -01 -01 -01 -01 -01 -01 -01 -01 -01 020 -01 
-01 021 -01 022 023 024 025 026 027 028 029 030 031 -01 032 033 034 035 036 -01 037 -01 
-01 038 -01 039 -01 -01 040 -01 -01 -01 -01 -01 -01 -01 -01 -01 -01 -01 041 -01 042 -01 
-01 043 044 045 -01 046 047 048 049 050 051 052 053 054 055 056 057 -01 058 -01 059 -01 
-01 060 -01 061 -01 062 -01 -01 -01 -01 -01 -01 -01 063 -01 -01 064 -01 065 -01 066 -01 
-01 067 -01 068 -01 069 -01 070 071 072 073 074 075 076 077 -01 078 -01 079 080 081 -01 
-01 082 -01 083 -01 084 -01 085 -01 -01 086 087 -01 -01 088 -01 089 090 091 -01 092 -01 
-01 093 -01 094 -01 095 -01 096 -01 097 098 099 100 -01 101 -01 102 -01 103 -01 104 -01 
-01 105 -01 106 -01 107 108 109 110 111 112 113 114 115 116 -01 117 -01 118 -01 119 -01 
-01 -01 -01 120 -01 121 122 123 124 125 126 127 128 129 130 -01 131 -01 132 -01 133 -01 
-01 134 -01 135 -01 136 -01 137 -01 138 139 140 141 -01 142 143 144 -01 145 -01 146 -01 
-01 147 -01 148 -01 149 -01 150 -01 -01 151 152 -01 -01 153 -01 -01 -01 154 -01 155 -01 
-01 156 -01 157 -01 158 -01 159 160 161 162 163 164 165 166 -01 167 -01 168 -01 169 -01 
-01 170 -01 171 -01 172 -01 -01 -01 173 -01 -01 -01 -01 -01 -01 174 -01 175 -01 176 -01 
-01 177 178 179 -01 180 181 182 -01 183 184 185 186 187 188 189 190 -01 191 -01 -01 -01 
-01 192 -01 193 -01 -01 -01 -01 -01 -01 -01 -01 -01 -01 194 -01 -01 -01 195 -01 196 -01 
-01 197 -01 198 199 200 201 202 203 204 205 206 207 208 209 210 211 212 213 -01 214 -01 
-01 215 -01 -01 216 -01 -01 -01 -01 -01 -01 -01 -01 -01 -01 -01 217 -01 -01 -01 218 -01 
-01 219 220 221 222 223 224 225 226 227 228 -01 229 230 231 232 233 234 235 236 237 -01 
-01 -01 -01 -01 -01 -01 -01 -01 -01 -01 -01 -01 -01 -01 -01 -01 -01 -01 -01 -01 -01 -01